1	0.04899650349650351
2	-1
3	1.6090909090909093
4	0.3035714285714286
5	0.01662404092071612
6	0.20062873634302214
7	0.08891664127232886
8	1.5183823529411766
9	1.3571428571428577
10	0.12103919631093542
11	3.5178571428571432
12	0.06666666666666732
13	0.02007469654528477
14	0.2297979797979798
15	0.13324833965844401
16	0.0597020735256029
17	0.12355103031428497
18	0.07795366143252173
19	0.011970899470899354
20	0.0900615485198496
21	-1
22	-1
23	0.2906791854914449
24	0.19030848134708434
25	0.05852480852480868
26	0.045423155204501964
27	1.0833333333333335
28	0.1644541528732706
29	-1
30	0.7222222222222223
31	-1
32	1.697802197802198
33	0.2281237281237282
34	0.20833333333333337
35	0.19001089324618733
36	-1
37	-1
38	0.0749170829170831
39	0.375
40	1.8055555555555554
41	0.04078714749302988
42	0.1778656126482212
43	0.13194444444444445
44	0.12471448388567952
45	0.09879564879564873
46	0.8145833333333332
47	-1
48	-1
49	0.09559319335635125
50	1.3499999999999999
51	-1
52	0.5444444444444443
53	-1
54	0.836363636363636
55	-1
56	0.06880252100840334
57	0.14701240344622712
58	0.25
59	0.023374613003096
60	0.131111111111111
61	-1
62	0.03238834926508377
63	0.1177777777777778
64	0.005661203875489581
65	0.1923076923076922
66	0.05823814749253348
67	0.1109628755083301
68	-1
69	-1
70	0.5672514619883042
71	-1
72	0.14086021505376323
73	0.12085128923364208
74	0.4817460317460318
75	-1
76	-1
77	0.3553113553113552
78	-1
79	0.30158730158730157
80	-1
81	0.04611474219317365
82	0.02251082251082248
83	0.05267811406700293
84	0.04994245864214904
85	0.1818181818181818
86	0.375
87	0.08463518049431355
88	0.15000000000000036
89	0.0219780219780219
90	0.009671379302958272
91	0.7333333333333334
92	0.02264641488779419
93	-1
94	0.019480519480519463
95	0.19638694638694637
96	0.04857036381804184
97	0.09862776112776128
98	-1
99	0.04944861236431174
100	0.014393939393939292
101	-1
102	0.1990740740740741
103	0.07638888888888884
104	0.2605675805675805
105	0.2333333333333334
106	0.010028441913095784
107	0.38901515151515165
108	0.5512820512820511
109	0.0009825717769120436
110	1.5181818181818185
111	0.2142857142857144
112	-1
113	-1
114	-1
115	0.2559534583063995
116	1.7888888888888892
117	0.10505050505050503
118	-1
119	0.08653846153846168
120	0.16782407407407404
121	-1
122	-1
123	-1
124	0.38181818181818183
125	0.003750155879785567
126	0.29166666666666663
127	0.013392857142857206
128	0.3055555555555556
129	0.07936507936507946
130	0.03617622929043767
131	0.054852607709750485
132	-1
133	-1
134	0.08364197530864208
135	-1
136	0.8500000000000001
137	-1
138	-1
139	-1
140	0.1773809523809522
141	0.19913652025453274
142	-1
143	-1
144	0.20512820512820498
145	0.04564666103127639
146	0.4772727272727275
147	0.05208333333333326
148	0.15641820300911213
149	1.5904761904761906
150	0.021252204585537844
151	0.005917344305018446
152	0.005555555555555536
153	-1
154	-1
155	-1
156	-1
157	0.17866987485553665
158	0.10318681318681318
159	0.18954248366013093
160	0.05648148148148143
161	-1
162	-1
163	-1
164	-1
165	-1
166	0.017586580086580095
167	-1
168	0.21953601953601956
169	0.4375
170	0.9081709956709956
171	0.49259259259259264
172	-1
173	0.21904761904761827
174	0.8245614035087719
175	-1
176	0.6202380952380953
177	0.1214136276792918
178	0.021909107897670015
179	0.24444444444444446
180	-1
181	0.022291666666666654
182	-1
183	-1
184	0.170520508298286
185	-1
186	3.590909090909091
187	-1
188	0.2600617900617901
189	0.07454681735064513
190	-1
191	0.18333333333333335
192	-1
193	0.06883279914529916
194	0.014792676983787353
195	-1
196	0.4217509920634921
197	-1
198	0.009112495572941803
199	-1
200	0.053512732237265374
201	0.08065476190476188
202	-1
203	0.042781900639043524
204	0.09920634920634915
205	0.0
206	0.1619047619047619
207	0.06969696969696966
208	-1
209	0.5972222222222223
210	0.7542682926829265
211	-1
212	-1
213	0.20851132418779478
214	0.797008547008547
215	1.7845849802371543
216	0.029808959156785313
217	0.010515873015873034
218	0.10005784804378148
219	-1
220	1.3666666666666671
221	0.45727124183006546
222	0.14390718854386675
223	0.0065975290338718805
224	-1
225	0.45238095238095255
226	0.5527777777777777
227	0.5595545235638115
228	-1
229	1.1166666666666665
230	0.2213903743315508
231	-1
232	0.17565248434056485
233	0.7727272727272734
234	0.029798761609907132
235	0.11493989339257871
236	0.7582417582417591
237	-1
238	-1
239	0.6339285714285714
240	-1
241	-1
242	-1
243	0.3490324440052701
244	0.053068282822455536
245	-1
246	0.01772666583133423
247	0.031200960497835495
248	3.2222222222222223
249	0.14879402151867588
250	0.015231063358593717
251	0.814285714285715
252	0.14603174603174618
253	0.6518518518518519
254	0.3983957219251333
255	-1
256	0.08601195739126775
257	0.2999999999999998
258	-1
259	-1
260	-1
261	1.15
262	0.07217782217782205
263	0.8909090909090907
264	0.036740710270122004
265	0.2836363636363637
266	-1
267	0.13202245325007472
268	0.03992766928781358
269	0.048623012728197204
270	-1
271	0.0943162393162393
272	0.48863636363636376
273	-1
274	0.071420452414106
275	0.5620915032679741
276	0.040984393757502985
277	0.2037927350427351
278	0.5999999999999996
279	0.04282622139764999
280	0.043002136752136766
281	0.29771062271062254
282	0.7663690476190477
283	-1
284	0.07809117965367962
285	-1
286	0.01335974397119905
287	0.040776978740214
288	-1
289	0.12666666666666665
290	0.17976190476190457
291	0.023923145722126664
292	0.04981240981240962
293	0.09001752557787035
294	0.04815475491962895
295	0.12142154847054437
296	0.006287691475191526
297	0.03117003245292721
298	0.2320261437908493
299	0.11515151515151516
300	-1
301	0.015931372549019617
302	0.8636363636363638
303	0.0615048448553008
304	2.1527777777777777
305	0.044303740014524334
306	0.6904761904761905
307	-1
308	0.1180985680985681
309	-1
310	-1
311	0.05052810286716041
312	0.6085946573751452
313	0.2679487179487179
314	0.08621834150326801
315	0.17147435897435903
316	0.06666666666666654
317	2.1500000000000004
318	-1
319	-1
320	0.03341503267973856
321	0.08991697640594709
322	0.9004569504569503
323	0.4906060606060606
324	0.031578947368421595
325	0.5955882352941178
326	0.269047619047619
327	0.2342544297412451
328	0.12155178155178163
329	-1
330	0.06966195093264274
331	0.0940883190883189
332	0.022757617291930918
333	-1
334	0.18682391655849329
335	0.8148148148148149
336	0.6923076923076925
337	0.1904761904761907
338	-1
339	0.038895443062109715
340	0.04398222764227049
341	-1
342	0.17470760233918126
343	0.15807117718882427
344	0.24033473320158105
345	0.010457516339869244
346	0.17836257309941517
347	0.2541564039408867
348	0.07015060505967749
349	0.1363636363636367
350	0.05385323211410172
351	0.5219780219780219
352	0.076086144247909
353	1.5555555555555554
354	0.5705128205128203
355	-1
356	-1
357	0.3213993751346692
358	-1
359	0.07937943133255632
360	-1
361	0.8875000000000002
362	0.0856900452488687
363	0.038537549407114624
364	-1
365	0.5937728937728939
366	1.3844246031746028
367	0.03862179487179507
368	0.24583333333333313
369	-1
370	0.07413298139768729
371	-1
372	2.0384615384615383
373	0.16666666666666652
374	0.2621421788088455
375	-1
376	-1
377	-1
378	0.10443350585779373
379	0.1530612244897959
380	0.01600090590232144
381	0.07083333333333375
382	0.3571428571428572
383	0.3186813186813193
384	0.11904761904761862
385	0.4072007450542685
386	0.0535714285714286
387	0.043290043290043254
388	0.02979242979242991
389	0.0007597850187988087
390	-1
391	0.18740384615384614
392	0.01602564102564097
393	0.09413919413919415
394	0.026455026455026065
395	-1
396	0.06914855492997278
397	0.3351862584114106
398	0.48168498168498175
399	0.5321969696969697
400	-1
401	0.016377005347593565
402	0.09215139551523999
403	0.13333333333333375
404	-1
405	0.5657142857142857
406	0.019122383252818082
407	0.11764705882352944
408	0.2935601703717647
409	0.7362543991955754
410	0.3568181818181817
411	-1
412	0.13918171888320552
413	1.3545454545454545
414	0.5
415	-1
416	0.154170653907496
417	0.023626694717157577
418	-1
419	-1
420	0.893939393939394
421	-1
422	0.012500000000000178
423	-1
424	1.7272727272727266
425	0.7573529411764706
426	-1
427	-1
428	-1
429	0.09682539682539684
430	-1
431	-1
432	0.34090909090909094
433	-1
434	-1
435	0.11133069828722005
436	-1
437	0.10833333333333339
438	0.22329059829059825
439	-1
440	-1
442	2.8939393939393936
444	0.5222222222222221
445	-1
446	-1
447	0.33333333333333304
448	-1
449	-1
450	1.1545566502463052
451	0.21483523965141615
452	1.9015151515151518
453	-1
454	-1
455	-1
456	-1
457	-1
458	-1
459	-1
460	0.24252922322775272
462	-1
